    190 33                                                                                                    
    191 20                                                                                                    
    192 40                                                                                                    
    193 42                                                                                                    
    280 10                                                                                                    
    281 20                                                                                                    
    282 27                                                                                                    
    690 38                                                                                                    
    691100                                                                                                    
    692 20                                                                                                    
